15
9
P1
P2
C1
C2
G1
G2
R2
R3
A1
......
16
16
1
P
9
2
0
0
10
0
6.25568
0
0
Pikachu
20
20
5
4
15
1
16
16
1.18273
1.61281
1
-1
-1
1
ThunderShock
6.8
11.1
ThunderBolt
6.8
11.1
......
10
1
2
P
0
1
0
0
20
0
0
0
0
Bulbasaur
20
20
5
4
15
0
0
0
0
0
-1
-1
-1
-1
LeafStorm
12
12
LeafStorm
12
12
......
1
20
1
C
0
0
100
100
1
......
10
20
2
C
0
0
200
200
2
......
0
0
1
G
0
0
10
10
1
2
3
......
5
5
2
G
0
0
20
20
5
7.5
8
......
16
16
2
R
0
20
1
3
15
0
May
2
-1
Scratch
3
0
Bubble
0
4
......
16
16
3
R
0
20
2
2
20
0
Joe
1
-1
Psychic
7
2
Spore
5
5
......
16
16
1
A
0
1
3
3
4
3
0
